Nonce Bits | Signatures |  Success Rate (%)
---------------------------------------------
       128 |          2 |             100.0
       160 |          2 |             100.0
       192 |          2 |             100.0
       224 |          2 |             100.0
       256 |          2 |              50.0
       256 |          3 |              80.0
       256 |          4 |              70.0
       256 |          5 |              80.0
       256 |          6 |              70.0
       256 |          7 |              70.0
       256 |          8 |              60.0
       256 |          9 |              80.0
       256 |         10 |              80.0
       256 |         11 |              50.0
       256 |         12 |              80.0
       256 |         13 |              70.0
       256 |         14 |              80.0
       256 |         15 |              60.0
       256 |         16 |              70.0
       256 |         17 |              70.0
       256 |         18 |              80.0
       256 |         19 |              50.0
       256 |         20 |              90.0
       257 |          2 |              40.0
       257 |          3 |              50.0
       257 |          4 |              40.0
       257 |          5 |              40.0
       257 |          6 |              40.0
       257 |          7 |              40.0
       257 |          8 |              30.0
       257 |          9 |              40.0
       257 |         10 |              20.0
       257 |         11 |              50.0
       257 |         12 |              50.0
       257 |         13 |              40.0
       257 |         14 |              40.0
       257 |         15 |              30.0
       257 |         16 |              50.0
       257 |         17 |              30.0
       257 |         18 |              40.0
       257 |         19 |              20.0
       257 |         20 |              40.0
       257 |         21 |              20.0
       257 |         22 |              30.0
       257 |         23 |              40.0
       257 |         24 |              60.0
       257 |         25 |              40.0
       257 |         26 |              50.0
       257 |         27 |              40.0
       257 |         28 |              40.0
       257 |         29 |              30.0
       257 |         30 |              30.0
       257 |         31 |              50.0
       257 |         32 |              40.0
       257 |         33 |              20.0
       257 |         34 |              60.0
       257 |         35 |              30.0
       257 |         36 |              50.0
       257 |         37 |              40.0
       257 |         38 |              20.0
       257 |         39 |              30.0
       257 |         40 |              40.0
       257 |         41 |              50.0
       257 |         42 |              60.0
       257 |         43 |              50.0
       257 |         44 |              30.0
       257 |         45 |              40.0
       257 |         46 |              40.0
       257 |         47 |              30.0
       257 |         48 |              60.0
       257 |         49 |              40.0
       257 |         50 |              60.0
       258 |          2 |              20.0
       258 |          3 |               0.0
       258 |          4 |              10.0
       258 |          5 |              20.0
       258 |          6 |              20.0
       258 |          7 |              10.0
       258 |          8 |              40.0
       258 |          9 |              50.0
       258 |         10 |              10.0
       258 |         11 |               0.0
       258 |         12 |              20.0
       258 |         13 |              20.0
       258 |         14 |              20.0
       258 |         15 |              30.0
       258 |         16 |              20.0
       258 |         17 |               0.0
       258 |         18 |              40.0
       258 |         19 |              20.0
       258 |         20 |               0.0
       258 |         21 |              10.0
       258 |         22 |              30.0
       258 |         23 |              10.0
       258 |         24 |              10.0
       258 |         25 |              10.0
       258 |         26 |              40.0
       258 |         27 |              10.0
       258 |         28 |               0.0
       258 |         29 |              10.0
       258 |         30 |              30.0
       258 |         31 |              20.0
       258 |         32 |              10.0
       258 |         33 |              10.0
       258 |         34 |              10.0
       258 |         35 |              30.0
       258 |         36 |              20.0
       258 |         37 |              40.0
       258 |         38 |              30.0
       258 |         39 |               0.0
       258 |         40 |              20.0
       258 |         41 |              20.0
       258 |         42 |               0.0
       258 |         43 |              20.0
       258 |         44 |              20.0
       258 |         45 |              10.0
       258 |         46 |              30.0
       258 |         47 |              10.0
       258 |         48 |              20.0
       258 |         49 |              30.0
       258 |         50 |              20.0
       259 |          2 |              10.0
       259 |          3 |              10.0
       259 |          4 |              10.0
       259 |          5 |               0.0
       259 |          6 |               0.0
       259 |          7 |              10.0
       259 |          8 |              20.0
       259 |          9 |              10.0
       259 |         10 |              20.0
       259 |         11 |              20.0
       259 |         12 |              20.0
       259 |         13 |               0.0
       259 |         14 |              20.0
       259 |         15 |              10.0
       259 |         16 |              30.0
       259 |         17 |              10.0
       259 |         18 |               0.0
       259 |         19 |              30.0
       259 |         20 |              20.0
       259 |         21 |               0.0
       259 |         22 |               0.0
       259 |         23 |              10.0
       259 |         24 |              10.0
       259 |         25 |              10.0
       259 |         26 |              20.0
       259 |         27 |               0.0
       259 |         28 |              10.0
       259 |         29 |              10.0
       259 |         30 |              10.0
       259 |         31 |              10.0
       259 |         32 |              10.0
       259 |         33 |              20.0
       259 |         34 |              10.0
       259 |         35 |              10.0
       259 |         36 |               0.0
       259 |         37 |              10.0
       259 |         38 |              20.0
       259 |         39 |              10.0
       259 |         40 |              20.0
       259 |         41 |              10.0
       259 |         42 |              10.0
       259 |         43 |              10.0
       259 |         44 |               0.0
       259 |         45 |              30.0
       259 |         46 |              10.0
       259 |         47 |              10.0
       259 |         48 |              10.0
       259 |         49 |               0.0
       259 |         50 |               0.0
       260 |          2 |               0.0
       260 |          3 |              10.0
       260 |          4 |               0.0
       260 |          5 |               0.0
       260 |          6 |              10.0
       260 |          7 |              10.0
       260 |          8 |               0.0
       260 |          9 |               0.0
       260 |         10 |              10.0
       260 |         11 |               0.0
       260 |         12 |              10.0
       260 |         13 |               0.0
       260 |         14 |              10.0
       260 |         15 |              10.0
       260 |         16 |               0.0
       260 |         17 |              20.0
       260 |         18 |               0.0
       260 |         19 |               0.0
       260 |         20 |               0.0
       260 |         21 |               0.0
       260 |         22 |               0.0
       260 |         23 |               0.0
       260 |         24 |               0.0
       260 |         25 |               0.0
       260 |         26 |               0.0
       260 |         27 |              10.0
       260 |         28 |               0.0
       260 |         29 |               0.0
       260 |         30 |              10.0
       260 |         31 |               0.0
       260 |         32 |              10.0
       260 |         33 |               0.0
       260 |         34 |              10.0
       260 |         35 |               0.0
       260 |         36 |               0.0
       260 |         37 |               0.0
       260 |         38 |              10.0
       260 |         39 |              10.0
       260 |         40 |               0.0
       260 |         41 |               0.0
       260 |         42 |              20.0
       260 |         43 |               0.0
       260 |         44 |              10.0
       260 |         45 |               0.0
       260 |         46 |               0.0
       260 |         47 |               0.0
       260 |         48 |               0.0
       260 |         49 |              10.0
       260 |         50 |               0.0
       264 |          2 |               0.0
       264 |          3 |               0.0
       264 |          4 |               0.0
       264 |          5 |               0.0
       264 |          6 |               0.0
       264 |          7 |               0.0
       264 |          8 |               0.0
       264 |          9 |               0.0
       264 |         10 |               0.0
       264 |         11 |               0.0
       264 |         12 |              10.0
       264 |         13 |               0.0
       264 |         14 |               0.0
       264 |         15 |               0.0
       264 |         16 |               0.0
       264 |         17 |               0.0
       264 |         18 |               0.0
       264 |         19 |               0.0
       264 |         20 |               0.0
       264 |         21 |               0.0
       264 |         22 |               0.0
       264 |         23 |               0.0
       264 |         24 |               0.0
       264 |         25 |               0.0
       264 |         26 |               0.0
       264 |         27 |               0.0
       264 |         28 |               0.0
       264 |         29 |               0.0
       264 |         30 |               0.0
       264 |         31 |               0.0
       264 |         32 |               0.0
       264 |         33 |               0.0
       264 |         34 |               0.0
       264 |         35 |               0.0
       264 |         36 |               0.0
       264 |         37 |               0.0
       264 |         38 |               0.0
       264 |         39 |               0.0
       264 |         40 |               0.0
       264 |         41 |               0.0
       264 |         42 |               0.0
       264 |         43 |               0.0
       264 |         44 |               0.0
       264 |         45 |               0.0
       264 |         46 |               0.0
       264 |         47 |               0.0
       264 |         48 |               0.0
       264 |         49 |               0.0
       264 |         50 |               0.0
       272 |          2 |               0.0
       272 |          3 |               0.0
       272 |          4 |               0.0
       272 |          5 |               0.0
       272 |          6 |               0.0
       272 |          7 |               0.0
       272 |          8 |               0.0
       272 |          9 |               0.0
       272 |         10 |               0.0
       272 |         11 |               0.0
       272 |         12 |               0.0
       272 |         13 |               0.0
       272 |         14 |               0.0
       272 |         15 |               0.0
       272 |         16 |               0.0
       272 |         17 |               0.0
       272 |         18 |               0.0
       272 |         19 |               0.0
       272 |         20 |               0.0
       272 |         21 |               0.0
       272 |         22 |               0.0
       272 |         23 |               0.0
       272 |         24 |               0.0
       272 |         25 |               0.0
       272 |         26 |               0.0
       272 |         27 |               0.0
       272 |         28 |               0.0
       272 |         29 |               0.0
       272 |         30 |               0.0
       272 |         31 |               0.0
       272 |         32 |               0.0
       272 |         33 |               0.0
       272 |         34 |               0.0
       272 |         35 |               0.0
       272 |         36 |               0.0
       272 |         37 |               0.0
       272 |         38 |               0.0
       272 |         39 |               0.0
       272 |         40 |               0.0
       272 |         41 |               0.0
       272 |         42 |               0.0
       272 |         43 |               0.0
       272 |         44 |               0.0
       272 |         45 |               0.0
       272 |         46 |               0.0
       272 |         47 |               0.0
       272 |         48 |               0.0
       272 |         49 |               0.0
       272 |         50 |               0.0
       280 |          2 |               0.0
       280 |          3 |               0.0
       280 |          4 |               0.0
       280 |          5 |               0.0
       280 |          6 |               0.0
       280 |          7 |               0.0
       280 |          8 |               0.0
       280 |          9 |               0.0
       280 |         10 |               0.0
       280 |         11 |               0.0
       280 |         12 |               0.0
       280 |         13 |               0.0
       280 |         14 |               0.0
       280 |         15 |               0.0
       280 |         16 |               0.0
       280 |         17 |               0.0
       280 |         18 |               0.0
       280 |         19 |               0.0
       280 |         20 |               0.0
       280 |         21 |               0.0
       280 |         22 |               0.0
       280 |         23 |               0.0
       280 |         24 |               0.0
       280 |         25 |               0.0
       280 |         26 |               0.0
       280 |         27 |               0.0
       280 |         28 |               0.0
       280 |         29 |               0.0
       280 |         30 |               0.0
       280 |         31 |               0.0
       280 |         32 |               0.0
       280 |         33 |               0.0
       280 |         34 |               0.0
       280 |         35 |               0.0
       280 |         36 |               0.0
       280 |         37 |               0.0
       280 |         38 |               0.0
       280 |         39 |               0.0
       280 |         40 |               0.0
       280 |         41 |               0.0
       280 |         42 |               0.0
       280 |         43 |               0.0
       280 |         44 |               0.0
       280 |         45 |               0.0
       280 |         46 |               0.0
       280 |         47 |               0.0
       280 |         48 |               0.0
       280 |         49 |               0.0
       280 |         50 |               0.0

 Command being timed: "/usr/bin/python3 /home/dandi/smt8/LLL/eksperimen.py"
        User time (seconds): 2869.31
        System time (seconds): 39.68
        Percent of CPU this job got: 99%
        Elapsed (wall clock) time (h:mm:ss or m:ss): 48:31.60
        Average shared text size (kbytes): 0
        Average unshared data size (kbytes): 0
        Average stack size (kbytes): 0
        Average total size (kbytes): 0
        Maximum resident set size (kbytes): 195240
        Average resident set size (kbytes): 0
        Major (requiring I/O) page faults: 0
        Minor (reclaiming a frame) page faults: 31182
        Voluntary context switches: 10
        Involuntary context switches: 10504
        Swaps: 0
        File system inputs: 0
        File system outputs: 48
        Socket messages sent: 0
        Socket messages received: 0
        Signals delivered: 0
        Page size (bytes): 4096
        Exit status: 0